53.45
192.57
386.57
176.06
83.82
41.35
29.66
18.84
17.2
14.57
13.76
30.91
55.6
162.63
119.99
157.66
73.82
49.7
28.04
19.45
16.24
29.36
98.37
402.49
1052.97
951.51
1244.24
949.95
925.55
618.72
223.64
58.71
46.01
43.54
35.4
86.62
106.36
407.18
430.21
391.67
175.09
79.85
51.49
36.17
29.86
33.25
28.49
50.42
113.42
108.88
155.15
99.97
53.11
32.81
22.71
17.43
15.02
12.38
11.7
35.71
135.02
254.55
155.45
317.22
124.55
52.6
32.98
22.44
16.49
13.14
26.02
25.23
390.97
613.91
693.37
611.29
493.13
136.11
78.23
57.53
40.53
39.01
28.4
21.56
95.62
244.21
132.96
127.03
84.33
45.29
23.75
17.64
17.66
15.29
17.45
26.14
151.62
549.42
551.48
299.81
101.63
60.08
36.73
24.39
19.15
21.01
14.66
16.39
33.6
102.9
71.92
156.49
100.2
45.49
26.55
18.59
14.38
14.73
13.36
14.74
36.42
89.09
219.89
134.02
74.11
43.92
26.02
17.61
13.22
11.64
12.1
22.88
52.55
152.37
517.84
469.63
253.43
88.02
42.47
26.05
19.97
14.65
13.62
15.31
43.73
291.91
476.4
495.18
197.18
73.99
44.35
28.16
21.34
18.83
22.91
50.7
194.05
347.89
319.99
324.41
159.12
73.7
42.03
26.29
20.69
17.36
16.76
31.62
55.6
141.67
192.69
145
87.26
48.44
30.03
18.77
13.24
11.31
16.16
22.69
113.99
184.38
273.49
148.02
74.11
42.52
26.25
16.81
11.71
11.14
16.16
22.69
NA
NA
NA
NA
NA
NA
NA
NA
19.07
23.34
91.29
395.84
398.31
580.56
591
593.61
270.78
99.18
53.32
37.03
25.54
20.1
19.53
17.23
47.28
332.99
498.25
223.52
186.05
71.23
48.73
NA
24.98
20.85
17.81
62.32
81.68
205.79
416.6
376.43
201.5
83.5
51.72
34.81
29
19.94
15.24
20.14
73.1
139.5
322.19
289.49
NA
NA
35.78
NA
18.74
12.54
15.83
15.02
38.92
115.38
400.81
478.02
119.92
56.73
35.47
24.01
16.85
16.5
19.77
34.34
47.99
117.81
153.37
155.42
75.46
41.79
28.62
18.84
14.48
13.01
11.73
22.47
41.32
124.77
106.18
157.89
77.13
44.5
27.19
17.65
15.64
15.68
16.38
24.05
28.95
107.14
278.09
144.56
74.12
37.55
23.08
16.56
12.52
12.51
11.25
15.64
36.37
239.39
384.55
276.42
70.38
42.98
25.77
19.03
14.25
11.54
20.43
74.44
100.5
125
273.2
226.23
97.39
58.32
35.36
23.23
17.23
13.63
14.11
17.26
97.81
465.81
556.61
421
199.16
80.25
47.49
33.45
24.52
21.81
23.58
28.65
213.67
449.73
402.19
213.15
156.71
65.46
43.39
32.85
20.45
17
14.83
26.07
72.13
196.21
379.8
281.43
131.91
55.47
39.69
26.2
19.47
15.31
16.02
27.11
93.55
221.91
93.36
313.25
101.83
49.29
34.55
24.58
17.62
18.26
16.99
50.78
231.85
720.36
553.69
424.04
153
71.75
45.16
30.35
21.23
18.09
25.52
30.29
72.94
221.72
249.64
139.03
74.62
56.47
32.64
21.12
14.52
14.27
14.16
18.87
55.93
119.47
230.77
96.01
249.43
86.9
40.05
25.66
18.79
16.15
15.34
22.79
76.16
134.66
403.56
411.77
153.59
85.58
45.26
31.38
20.09
16.81
16.76
16.59
65.72
106.22
292.96
271.27
104.93
52.25
33.44
23.21
17.48
14.4
11.99
23.47
